459889505
1662238097
7099929
5691527993
1257079395
36938153
7279275
6006135371
4207471321
3794049
2180579771
1651468514
393933611
2190647285
391684560
1976712012
1558041811
2111528895
203086533
1812292501
2010418855
5946150332
54383317
4907087769
401409444
200136899
1463718257
2051688676
233274418
6114014
15587081
232732888
5774411160
3679498173
2165635484
242544373
17181341
224258080
270528760
5688817238
267454096
15966190
8820420
35878677
325050854
34855671
2984067380
3011791154
2318518
5696359671
1431413955
490402751
44138846
15933632
270129251
3913297695
451147547
2988236831
345000317
636624651
252057967
3272148414
52006331
3524985
274389001
1757253744
320187471
5365541123
2952521223
1385684427
2951064573
5641858228
520680735
5382239500
391683884
645938958
5457320159
620618013
2168675512
2921555239
3125942337
2261150149
321446798
3296557696
1333057147
1588343774
458602313
1368699613
5100699
545082130
46342297
5647382267
344441593
13275619
25919963
3020500682
203860950
4610595118
4776719347
1558233678
20509038
1803642149
4770041748
4415044648
442286153
1540003523
17230256
51405895
55514310
3210574947
11295358
32160416
18398039
263495910
460211823
1278082756
4061599
1910927266
1559537799
32861125
233282637
19064929
267741445
1644916598
290886367
1548335513
3933407045
203335544
1252317673
6006909636
5499434926
3099946652
575198006
789787177
4750238860
267839313
3584150042
5320196319
2265757298
8049793
180613506
176093862
16918733
251528409
4930479170
4187785550
1806879760
1155362317
2029786818
1059091782
498800686
276310173
182064508
6022537730
1434047943
2102642850
3167938640
2966542063
5859698128
1144327601
1934273320
21167060
663990022
310964062
19560808
7212368
2359591866
7298393
480780625
37412898
5126808584
2354304707
1414300065
19996613
4078021074
3316693456
555987737
538478605
677249
568936128
38226167
2151284062
2366758628
330716783
2054513988
6022311171
34837494
17204281
9120674
17800374
299947527
2154634854
1827508952
13720572
4985066797
3935144838
1546314588
3424242946
1830147012
5964231170
5833823739
12382027
4751083925
7636994
1946239587
25587915
1629030614
773068
1386552141
12122683
1477403725
233493627
4223538388
937387968
235439673
239286811
5901135308
202803469
216989060
201122677
428351031
25647980
177193021
501581623
1372446406
16712462
836781898
315344899
181273857
837006910
5384072323
1470129633
177742799
209408867
49428383
259036692
369706320
10670532
190566557
5731125698
1962539279
348603586
18891963
1082112
5560970974
26508399
4531753723
430284585
5593373811
248500093
1619934972
706436711
17255528
206068216
502488851
274339762
40007144
1502147414
189613576
9667155
5850817632
3581571
611896018
272345106
2120982877
5057275
7433682
505930194
52754203
32768594
5759653566
4734731971
1662197317
1723489221
41441658
3419395331
284388564
18162425
1907032464
208142277
256827041
206771824
290782161
223812414
324059475
5473494782
3461212604
1552339847
24076699
55716303
1388516748
45243544
3132311495
16902057
3112944850
524164388
607934673
261248759
178158450
6416976
1948983829
3933156605
1638878215
277673979
2518103978
196625757
31019259
2987562787
37491528
3468219682
1649172583
5717494920
4059786
2081146733
2250088745
3453729945
5624067977
399628585
228300700
190483264
2329168922
11139788
2199732370
2130709917
227563751
43980404
5806851426
1127891882
185040199
11174163
537380336
1459458729
4186437781
26164334
3441691470
213673750
2278530151
2209348879
53376659
2319859585
4847311734
143578835
178004350
1455493181
2948538667
8266118
826061864
185769378
315614120
5848341007
321438427
251443990
31680810
2182657910
740005250
1768514863
475544231
545735429
11822485
55824822
40465951
4034583223
2990168622
486419716
1987068413
1480694017
175381440
962869131
231339021
1621048719
247207427
2048985076
972177159
3066756798
5667994855
144672524
195342608
1479606507
4114416853
5884944379
638703793
44726944
245728195
47213527
1824976084
3917721316
43426962
324266962
2214051579
734924649
4605485
31730484
4684776830
15084381
3055947163
219978709
39197668
19326507
2713736612
5598659608
4575829607
13861242
197753886
31154483
206093160
18941511
1628133436
1532483938
317189803
28529113
3140756608
1431040336
867844342
3422342630
1474420
10097283
226236662
968635006
1098262055
2252884188
338138676
3716818155
213912827
214538496
20786574
237567777
256948807
1430253610
2130338232
1748403
7938284
4793117599
29364061
3303845771
16522835
205417115
11454662
18041396
2302183963
8396008
3661855924
1736871
5769183965
3625423485
592453613
4695990234
4099847
2041426847
1495667341
183744709
3620008162
4144850516
365849090
221275114
4226638205
2330361725
43990912
1118797533
2079816300
1976490235
176472230
184316659
452829399
4909625
5827609860
327603647
206407922
1508578404
231555329
5450579998
232216698
180127523
5804650080
20565840
2218921
4787910292
337803450
15544867
10471249
500666428
183275691
3976307568
5925148
2064099815
605578884
1442571390
249108932
47296290
4086446080
176532308
187150711
5754909193
237494897
3407722959
28175304
4164919031
1240212
174164768
177733007
1268299989
19570838
2347452453
2906130987
1231843447
1280216754
32534107
50382274
1703512618
287730680
307774669
2206899979
1949892742
3702150244
1109771
245556786
3996823727
289424243
2164771861
2052137136
714657035
5495409874
235224350
1109691190
144570842
1425119455
55529581
42481843
2008469922
2283923757
180697524
3464507419
1935281784
3062560968
4724397867
3122753131
11094288
1384024968
3942354704
1342761
622223169
207334745
1829584524
33361213
1482954095
3142289424
5967221065
3001756318
2076238203
1116216683
8250531
1476344273
1353655809
16911458
548335674
6809122
4099023541
758662406
3147028055
1595873690
236580004
1593498433
3466733
181649465
240091482
373377179
3240224103
1531883886
1457240379
28898672
16075018
1401930801
1915663650
227898759
274182550
4675179580
51132667
44147177
522760056
52572399
32905629
297856917
1639565549
19263527
353903685
318195479
257201534
393625232
2315713249
530348582
22553350
6066669150
24260502
1257739634
192874401
5434268129
418091924
342369649
178742208
3018190
1327084794
1494233499
956363
260648416
24437468
44595387
214782802
2361920753
2625722860
1722458344
4728096596
214484704
5800678659
17538045
41359803
191646195
1792083198
314934786
43121701
19271309
472969128
4408137478
181266939
4968541
5635914029
286213347
31749468
229604056
546989665
193193349
367542694
5605870037
38787427
45751440
47995456
177347647
1717288105
5871006243
10843616
1918454725
3110395236
516138833
237965933
17462429
5401369449
224786091
202028084
176292779
690217169
283470324
2310998662
29333708
584237000
7929213
226700059
181569949
1628069103
15086742
5242487955
5485839341
15213434
294756617
339257288
3579915100
4038281565
2220892366
2212922538
252774955
1570725170
1581102138
448231050
1903709562
1831631893
4052294333
5646031535
4089851611
3268863447
3949467688
433345648
1640611582
280771888
1590341703
1205494306
4764023232
300068430
14104298
6097793
23223571
27655944
2821560418
367928858
1261924976
2560701007
145328010
3030608956
4524959472
1698377630
272100623
5387451
233784937
3027821967
10825898
46160137
2170373061
411575223
1500809147
5671147219
2263676884
39182318
4952236581
3424868506
146154834
49805456
255822093
1747270904
517856456
193520800
3504028961
2113006429
2084206127
5694995245
17125441
1572464381
1557960943
4743011519
594486188
254870667
5904624146
891905095
2308324
4518111113
36661785
6159550149
345667661
1819296590
5994108900
1399608134
1722455689
1402809444
330668369
274861745
205438262
352910814
1653803261
410987000
1790998631
260938322
4401291720
1300137412
195650084
20340822
3694617
1022580
53231264
2672874
4356035843
11301042
286200862
5942461551
34885017
2672935982
1925960759
3019108891
1154357740
176320752
264182766
334856872
339267253
5365929291
1965682591
319059763
175613682
4470742668
245097980
11596544
5883440572
5393120
1311140757
466167594
5782132
501684555
4192326119
308868281
187505133
55559345
34087065
244121674
360795355
53440747
305136825
5988396523
5988808834
6748131
232686404
277018230
3277065240
144344133
211208325
1431383926
3678919050
5812935228
234971397
1713320627
263381502
388478173
224926595
32344612
173829902
1619068293
8001151
45557597
426665387
261621273
5384813414
2049351062
481991581
5682968591
5498518024
3134994051
262008400
1643549487
414106748
1993685709
39799595
5990940201
241168491
432125129
213245378
2560667206
1633878418
1796125962
1985513758
1202400
270609203
1487332495
1551454225
1052928980
3488623
2447039
145180920
3696853369
819503361
5859751330
2323420458
497461780
17675496
1593183936
524295077
2955430
446707355
6470368
210363231
272584929
336627631
543739800
5516050637
36424640
51726170
34367444
18656845
327411648
5430254940
2701442543
4174644859
268520
175739052
1493726900
2011933975
2026488431
196234559
1643099047
347593954
3047116873
5869280220
20173114
2044327065
468055215
204572286
397992107
5678332777
4219309806
5370028669
1657702233
3877066223
16765830
53274987
1175590579
707913820
2244199701
29740730
316652719
43097976
3314882485
184308408
251216148
254565767
4085392655
247817173
1310279413
5795284008
176226323
1965287024
1977468026
2081661
5517771698
1808881274
197507124
1582137391
5979053390
1990861601
3074305291
246815561
337280330
2903461897
22344014
209777504
13362150
1825946264
187306015
391252344
671066200
47526879
52712591
1780506006
21659627
1724423185
25066519
2320257085
264341091
385179040
2220326268
1018526816
228395724
15469659
313026007
50159985
2046291938
1704591380
2464315336
280260170
428958771
3615198039
3937810502
334719791
11679300
195139243
210846035
1838021938
373091772
368206622
274368798
2895465901
548262203
11756184
182366493
1724131978
436447623
407812568
1432373996
1545777469
253773924
11037206
5720696967
488092673
5930639635
263537250
1719466827
5539181363
201524955
1771846391
5670697035
8317507
1562948633
270773843
1576226478
5595961930
8407041
34050681
1281722854
454385455
1291567230
4100039
16704069
16533594
2098748329
204773559
4576138184
4114375131
3640443078
37377668
868062112
13295881
2087601015
31273103
48381958
1488740147
269633331
8929121
17056557
24595115
4004075948
2230952939
1069513983
241187995
2059815144
274641997
3075004312
569552936
3237315893
4808210637
145181739
1163215364
42951284
2162631844
4456109106
359258271
21878751
9481374
2921268679
302171909
1047440155
30711554
2175600721
38744557
4605519478
286879527
27147145
5329263347
43597949
344263877
2017950681
1733037498
3056906440
34502742
5783544293
217191986
1982904005
1525400462
17400339
11070438
363058973
4734303879
800365465
1206216956
5318783715
475996122
3936383659
3583531096
1053227
5873149089
267438659
256445757
433745546
3302557141
409462608
276633633
886994682
478446513
4325007825
4131291641
47061886
201970220
143904578
428464920
419580579
3151038
205770677
2301382868
905775866
297767507
37460454
4969159
2085396908
4013791775
3106503977
2142155288
1279708751
1099976209
1337502579
2120443879
1789489007
1770521683
27878877
576618861
43328012
508409910
15548804
289317004
38563443
346030794
13463995
4756469745
2571463
257338721
31884392
8060085
322031436
22511063
4007908661
2272404394
870877
233903583
1589748894
310433151
188297964
528744733
144578903
234997129
6652723
5920162560
23328878
440319490
1807174512
194694784
4969096819
1658710709
4080974718
187017431
2572794830
5356690339
318699981
175749338
226676178
1296178837
987097499
11591902
29124562
3183464891
1527327983
26561547
4544102559
23476890
4267107976
1662869922
3129733082
253766435
612796387
580365891
3048857153
372928434
2313447491
54446417
6079819475
5487036
4551704522
2079715994
1400437120
3562030999
493313351
1459620413
5873415143
896440
229211183
682882626
2346729331
1015894148
444394976
3415799869
5090616
3977274334
1287028505
7095077
185572304
2070320134
311676658
202096344
5580223267
3595801297
3440373102
38678546
2219370855
1764681691
180565556
14044982
1917033054
4769019025
3490655981
1490265953
179553386
53104368
274479463
190016697
5729074971
1704973696
2038083144
3162045586
38876278
4335950411
2139800353
408073326
181906641
5852330797
12145051
32800852
1916580741
27587128
579537670
5760063654
431819340
1720803450
5695204531
5575849018
2326162314
27121470
3278109739
1532346870
2188835092
4367824987
194433676
2043935641
23104674
4244459108
7365516
4160010675
11027190
5544191105
1382860921
2086267701
50687463
44988325
5548530824
453599944
192813015
27575599
3647148022
945941740
4005609176
400512410
1776985448
3116828063
5695721724
187897838
2034259668
22881253
1308412815
2000001563
242302689
2334414176
414679969
5509917198
12638605
179297068
6141830530
1141621030
278780755
41623357
2142523652
5786850353
269335057
12134068
180716213
1514827368
1417241230
1077734706
2967604
28205287
4249192269
1365812168
37080053
49430593
581346120
33794838
11243252
348498456
420457329
27013118
2236992704
514093797
145924238
374757202
514637769
263586544
32458831
2082160624
4265023121
3611232571
35719807
2101392027
6027185737
1192552771
263967575
26887114
714011145
477249199
298588048
254184281
221981684
591886
3706758681
42216633
748905821
8600760
5605206128
252583384
11235701
5780246774
1631898448
13588843
2165032759
259301967
4442431538
244561393
261395021
751732361
1429031784
2343898905
4362293582
17149301
16665733
1504031209
1538903209
514969
2762022108
4145493718
143873338
235232346
225593271
502752133
781002886
238799009
3652692994
200605625
1949541503
193776153
1709753397
144705730
668257756
3927674539
11581110
289905942
3292191320
2961511578
194206181
1481572849
6053351169
23553760
1633294832
4679446973
1584324199
321846288
1108148509
175024210
184987984
4191144361
9216703
5544008942
16649248
1548859977
1690871915
55081368
1449661785
49136898
1374215389
1769772398
24117192
19264162
2316973750
322698504
4885951
572598096
4174224945
423278755
189409905
1121625732
5840312072
763938
233899418
187512336
186535
4338022275
2430531
1739415710
40887844
2940734624
5758820407
3515934145
260707569
188970040
223920653
226523418
4672025962
2086206467
1740430072
4159357226
2055039759
334709111
223936626
5342564628
1694737346
244960894
39747035
1531839677
3466746620
35601305
4460493424
3220706917
14399702
1582715187
1229478054
4135725735
6036441524
3016304267
173878627
654451126
12427089
4043085411
3257591173
2232250087
4189956890
5672302163
3589902676
206675606
1797166
184797875
1449523537
1449784426
1506262354
1496964646
1346053275
3283836192
204681469
456656920
2363059997
401312409
11058
209958768
3514260504
189553083
458562912
34942378
464125180
290716168
28158854
236688637
13125961
1941838698
13081286
214183034
3428140392
4947045758
2154854388
29494431
39576574
450647132
1397958754
1559886757
25032401
5452450214
1319577145
1911017896
253854301
15089251
1327495133
1583140151
3293043803
4978384882
2948960112
1925726744
12787458
469567557
2101612543
208114660
1912233650
5339361427
306863080
194415041
176588933
874175982
3927629231
227180486
4249517630
180562321
181849958
21014251
31102600
16818426
5867226406
236925139
225597371
1243839759
1621729347
2908545
1928506403
247607633
1139635
211269568
337718957
14089420
12683928
952943290
19989660
7703055
210753050
338863833
202618814
691288265
1651061436
1987375910
1498971884
7418807
3737014017
4155541453
1088284061
1178239453
2912862
356143
620630118
216512425
5015564
842129061
5592613448
54530555
32193793
3288179280
1928907815
238257613
5324338118
1983630548
4221130002
607092161
481042928
2051227434
3563679303
1980334043
22093421
1582850061
4639952072
202365831
4273034201
292290291
198585309
26205021
5838789589
3621746692
464222147
3883549907
3730135526
32586780
3050529233
677801
280434752
796316286
16069093
2067572352
5807737158
407973782
233793037
242121624
1467923645
2125978813
1575193916
4228106107
270449562
3269275676
1386410825
3214546
50481368
578695667
323739301
2096512218
267713756
29797517
1623499304
466443837
1546233823
4562782
15184594
1495544456
3012423
26166276
25455428
180711799
35036312
1369469424
6677416
1502079574
3220070544
173570373
217596963
44730580
1937398204
1275851036
4147628603
1388123
231114115
906507052
19854303
23093037
340700154
1363534194
50530268
622184175
4047159931
3269405078
202797928
3401141865
437542071
5732796678
51275303
847685806
3021143364
380659086
831292326
187472706
1244637992
191342902
2970953392
230563285
37832199
1667598857
474404783
210686805
145825983
2134337149
1592445000
6113701554
28669388
257901145
5454759145
43788463
1653993666
20151943
228673294
1321342005
2273109167
4967540457
5726002124
1174310073
4160835515
3565361
24873082
1194802922
1042424
310351627
1232682331
249312072
1704973582
40389214
767292214
481019062
3531230746
3893521392
3235013557
491843887
3155023811
1744659978
11770920
2206605968
1765506355
25634211
405637162
1961531419
22040676
3504037111
3089431000
229964058
5844805846
12877475
3083979639
21088602
26469358
1493727949
421512005
1406256469
3262442167
19490426
4510592020
261432093
273159002
500509448
325080515
17853228
226086779
2591618
1370356335
198191311
2659934
198282967
1988077745
1592930793
252464337
144128504
5968388909
3001647520
1146380537
277362052
202503967
36550855
174166819
177550057
12737388
4255326690
1737775184
2263367337
1922636948
517220563
230696282
211669337
2497322316
3485493613
53996475
2275183164
187931717
3194753472
10176419
5733523711
2032992255
4367273008
143610536
53828060
5484987000
412411084
231806369
580691294
48126411
1948610913
329784751
1699839022
406611522
1901703979
1434194607
8329372
206551340
3035110222
1952624436
553669
586064492
1471695
31811653
859178340
5508805885
303080878
20456718
21728286
20861600
467556136
3155898807
217657565
3095274543
5606260125
1448639165
2912277383
1541197206
1427359832
471087264
2186406864
4316446873
905225727
5358208845
5885064721
10594273
301501500
247304110
4089174184
4126241493
273259724
403705319
189408304
1702927811
206343665
1313836206
1418661500
144388081
1279105962
47185774
270716980
35574989
6023272299
1444827349
5521538064
524548876
47870937
2494944
3924525034
5951133843
4018066784
